 -2.236852
 0.734336
 0.970332
 -0.770588
 -0.344782
 0.442495
 0.344468
 0.273129
 -0.338482
 0.293732
 -0.1499
 -0.131442
 42.227428
 2.957322
 1.529936
 0.949296
 -0.623662
 -0.096681
 0.317849
 0.241732
 0.333815
 -0.34069
 0.305494
 -0.192092
 -0.088693
 0.231326
 0.066011
 -0.169079
 -0.167012
 -0.012419
 0.123348
 0.161734
 0.114952
 0.030037
 -0.050999
 -0.104982
 -0.125976
 -77.94519
 -0.971453
 0.71679
 0.46313
 -0.303982
 0.164134
 0.15526
 0.118372
 0.369274
 -0.323445
 0.302901
 -0.226096
 -0.043942
 0.234273
 0.032817
 -0.182443
 -0.151505
 0.010436
 0.135488
 0.159029
 0.102463
 0.015055
 -0.062987
 -0.111368
 -0.126517
 -0.114501
 -0.08493
 -0.047173
 -0.008599
 0.025869
 0.053505
 0.073276
 0.085296
 0.090374
 0.08966
 0.084414
 0.075848
 0.065048
 0.039282
 -1.893841
 -0.822839
 -0.239003
 0.09434
 0.390143
 -0.023678
 -0.013539
 0.377665
 -0.288265
 0.28647
 -0.250839
 0.001318
 0.230779
 -0.000484
 -0.191797
 -0.133574
 0.032667
 0.145449
 0.154336
 0.089035
 0.000215
 -0.074129
 -0.116645
 -0.126022
 -0.109575
 -0.077328
 -0.038546
 -0.000242
 0.033079
 0.059076
 0.077021
 0.087247
 0.090699
 0.088607
 0.082259
 0.072867
 0.061497
 0.049039
 0.036203
 0.023533
 0.011428
 0.000162
 -0.010088
 -0.019224
 -0.027209
 -0.034048
 -0.039782
 -0.04447
 -0.048188
 -16.440853
 2.944918
 -1.489141
 -0.812102
 0.458652
 0.541774
 -0.196084
 -0.141563
 0.359145
 -0.237628
 0.257339
 -0.265643
 0.045627
 0.221119
 -0.033106
 -0.197062
 -0.113612
 0.053932
 0.153148
 0.14777
 0.074852
 -0.014329
 -0.084339
 -0.120796
 -0.124524
 -0.103935
 -0.069348
 -0.029846
 0.007948
 0.03996
 0.064228
 0.080316
 0.088758
 0.090627
 0.087214
 0.07983
 0.06968
 0.057805
 0.04506
 0.032121
 0.019494
 0.007544
 -0.003482
 -0.013433
 -0.022232
 -0.029858
 -0.036333
 -0.041704
 -0.046041
 -0.049424
 -0.051939
 -0.053673
 -0.054715
 -0.055147
 -0.055049
 -0.054494
 -0.053549
 -0.052276
 -0.050731
 -0.048963
 -0.047015
 -0.044927
 -0.042733
 39.624672
 -1.168987
 -0.625332
 -0.984978
 0.689637
 0.594105
 -0.340703
 -0.254064
 0.315773
 -0.174797
 0.217184
 -0.27023
 0.08761
 0.205727
 -0.064303
 -0.198243
 -0.092035
 0.073919
 0.158537
 0.13947
 0.060101
 -0.02843
 -0.093546
 -0.123816
 -0.122064
 -0.097644
 -0.061057
 -0.021133
 0.015926
 0.046482
 0.068946
 0.083156
 0.089836
 0.090168
 0.085497
 0.077146
 0.066305
 0.053988
 0.041015
 0.028021
 0.015478
 0.003718
 -0.007042
 -0.016675
 -0.025124
 -0.032384
 -0.038489
 -0.043497
 -0.047485
 -0.050536
 -0.052741
 -0.054189
 -0.054969
 -0.055165
 -0.054855
 -0.054111
 -0.053001
 -0.051583
 -0.049913
 -0.048038
 -0.046001
 -0.043839
 -0.041584
 -0.039266
 -0.036908
 -0.034532
 -0.032154
 -0.029792
 -0.027456
 -0.025159
 -0.022907
 -0.020709
 -0.01857
 -0.016494
 -0.014485
 -26.378885
 -1.721896
 0.855016
 -0.686304
 0.727915
 0.540668
 -0.440477
 -0.341237
 0.251276
 -0.103594
 0.168121
 -0.264714
 0.126013
 0.185177
 -0.093393
 -0.195432
 -0.069274
 0.092346
 0.161605
 0.129589
 0.044967
 -0.041953
 -0.101687
 -0.12571
 -0.118687
 -0.090768
 -0.05252
 -0.012464
 0.023649
 0.052619
 0.073214
 0.085539
 0.090486
 0.089335
 0.083472
 0.074223
 0.06276
 0.050065
 0.036918
 0.023918
 0.011498
 -0.000041
 -0.010511
 -0.019808
 -0.027895
 -0.034783
 -0.040515
 -0.04516
 -0.0488
 -0.051524
 -0.053425
 -0.054594
 -0.05512
 -0.055087
 -0.054573
 -0.053649
 -0.052381
 -0.050827
 -0.049039
 -0.047065
 -0.044945
 -0.042714
 -0.040405
 -0.038044
 -0.035655
 -0.033256
 -0.030865
 -0.028497
 -0.026162
 -0.023871
 -0.021631
 -0.019449
 -0.017329
 -0.015276
 -0.013292
 -0.011379
 -0.009538
 -0.00777
 -0.006074
 -0.004451
 -0.002898
 -0.001417
 -0.000003
 0.001342
 0.002623
 0.003839
 0.004994
 0.00609
 -27.519648
 2.883108
 1.449047
 -0.069897
 0.568469
 0.393774
 -0.484457
 -0.395928
 0.170724
 -0.028169
 0.112593
 -0.249586
 0.159739
 0.160162
 -0.119765
 -0.188798
 -0.045766
 0.108966
 0.162374
 0.118297
 0.029636
 -0.054773
 -0.108716
 -0.126492
 -0.114447
 -0.083373
 -0.043806
 -0.003894
 0.031077
 0.058345
 0.077025
 0.087466
 0.090718
 0.088142
 0.081155
 0.07108
 0.059064
 0.046052
 0.032787
 0.019825
 0.007566
 -0.003724
 -0.013882
 -0.022828
 -0.030543
 -0.037051
 -0.042409
 -0.046692
 -0.049987
 -0.052389
 -0.053992
 -0.05489
 -0.05517
 -0.054916
 -0.054206
 -0.05311
 -0.051692
 -0.050009
 -0.048111
 -0.046045
 -0.043848
 -0.041556
 -0.039198
 -0.036799
 -0.034383
 -0.031967
 -0.029567
 -0.027197
 -0.024866
 -0.022584
 -0.020359
 -0.018195
 -0.016097
 -0.014068
 -0.012111
 -0.010227
 -0.008416
 -0.00668
 -0.005017
 -0.003427
 -0.001909
 -0.000461
 0.000918
 0.002229
 0.003476
 0.004659
 0.00578
 0.006843
 0.007848
 0.008799
 0.009696
 0.010543
 0.011341
 0.012092
 0.012799
 0.013462
 0.014085
 0.014669
 0.015216
 0.015727
 -3.986902
 -1.147188
 0.587758
 0.567057
 0.259647
 0.181558
 -0.46888
 -0.414155
 0.080109
 0.047249
 0.053239
 -0.225672
 0.187881
 0.131467
 -0.142894
 -0.178581
 -0.021945
 0.123573
 0.160898
 0.105776
 0.014288
 -0.066776
 -0.114596
 -0.126187
 -0.109403
 -0.075531
 -0.034977
 0.004525
 0.038175
 0.06364
 0.08037
 0.088941
 0.090543
 0.086605
 0.078566
 0.067736
 0.055235
 0.041967
 0.028635
 0.015755
 0.003692
 -0.007321
 -0.017147
 -0.025728
 -0.033062
 -0.039187
 -0.04417
 -0.048092
 -0.051048
 -0.053134
 -0.054446
 -0.055079
 -0.055121
 -0.054655
 -0.053758
 -0.052498
 -0.050938
 -0.049133
 -0.047133
 -0.044981
 -0.042714
 -0.040366
 -0.037964
 -0.035534
 -0.033096
 -0.030667
 -0.028261
 -0.025892
 -0.023569
 -0.0213
 -0.019091
 -0.016948
 -0.014873
 -0.012871
 -0.010943
 -0.009089
 -0.00731
 -0.005607
 -0.003977
 -0.002421
 -0.000938
 0.000475
 0.00182
 0.003097
 0.004309
 0.005458
 0.006546
 0.007576
 0.008549
 0.009468
 0.010334
 0.011151
 0.01192
 0.012642
 0.013321
 0.013958
 0.014555
 0.015113
 0.015635
 0.016123
 0.016577
 0.017
 0.017393
 0.017757
 0.018094
 0.018406
 0.018693
 0.018957
 0.019199
 0.01942
 0.019621
 0.019803
 0.019967
 -0.003633
 -1.732936
 -0.838573
 0.928175
 -0.11207
 -0.05758
 -0.397307
 -0.395336
 -0.014099
 0.118582
 -0.007223
 -0.194092
 0.209733
 0.099951
 -0.162348
 -0.165085
 0.001765
 0.135996
 0.157262
 0.092219
 -0.000904
 -0.077862
 -0.119306
 -0.124829
 -0.103617
 -0.067311
 -0.026099
 0.012744
 0.044909
 0.068487
 0.083244
 0.089969
 0.089972
 0.084739
 0.075721
 0.06421
 0.05129
 0.037826
 0.024478
 0.011722
 -0.000113
 -0.010824
 -0.0203
 -0.028504
 -0.035451
 -0.04119
 -0.045797
 -0.049363
 -0.051983
 -0.053759
 -0.054788
 -0.055164
 -0.054976
 -0.054307
 -0.053231
 -0.051815
 -0.050121
 -0.048202
 -0.046107
 -0.043876
 -0.041546
 -0.039147
 -0.036708
 -0.034251
 -0.031795
 -0.029357
 -0.02695
 -0.024586
 -0.022273
 -0.020019
 -0.01783
 -0.015709
 -0.013661
 -0.011687
 -0.009788
 -0.007966
 -0.00622
 -0.00455
 -0.002955
 -0.001434
 0.000014
 0.001392
 0.002701
 0.003944
 0.005121
 0.006237
 0.007292
 0.008288
 0.009229
 0.010117
 0.010953